603999.SH,2,2016-01-07 09:35:00,60.790000,64.360000,60.790000,64.360000,911500.000000,70169000.000000,0.681013,0.010694
603999.SH,2,2016-01-07 09:40:00,64.430000,65.090000,61.460000,63.370000,267528.000000,20211500.000000,1.245760,0.020053
603999.SH,2,2016-01-07 09:45:00,63.370000,63.530000,60.630000,60.630000,0.000000,0.000000,0.000000,0.000000
603999.SH,2,2016-01-07 09:50:00,60.630000,60.630000,60.630000,60.630000,0.000000,0.000000,0.000000,0.000000
603999.SH,2,2016-01-07 09:55:00,60.630000,60.630000,60.630000,60.630000,0.000000,0.000000,0.000000,0.000000
603999.SH,2,2016-01-07 10:00:00,60.630000,60.630000,57.110000,57.110000,0.000000,0.000000,0.000000,0.000000
603999.SH,2,2016-01-07 10:05:00,57.110000,57.110000,57.110000,57.110000,0.000000,0.000000,0.000000,0.000000
603999.SH,2,2016-01-07 10:10:00,57.110000,57.110000,57.110000,57.110000,0.000000,0.000000,0.000000,0.000000
603999.SH,2,2016-01-07 10:15:00,57.110000,57.110000,57.110000,57.110000,0.000000,0.000000,0.000000,0.000000
603999.SH,2,2016-01-07 10:20:00,57.110000,57.110000,57.110000,57.110000,0.000000,0.000000,0.000000,0.000000
603999.SH,2,2016-01-07 10:25:00,57.110000,57.110000,57.110000,57.110000,0.000000,0.000000,0.000000,0.000000
603999.SH,2,2016-01-07 10:30:00,57.110000,57.110000,57.110000,57.110000,0.000000,0.000000,0.000000,0.000000
603999.SH,2,2016-01-07 10:35:00,57.110000,57.110000,57.110000,57.110000,0.000000,0.000000,0.000000,0.000000
603999.SH,2,2016-01-07 10:40:00,57.110000,57.110000,57.110000,57.110000,0.000000,0.000000,0.000000,0.000000
603999.SH,2,2016-01-07 10:45:00,57.110000,57.110000,57.110000,57.110000,0.000000,0.000000,0.000000,0.000000
603999.SH,2,2016-01-07 10:50:00,57.110000,57.110000,57.110000,57.110000,0.000000,0.000000,0.000000,0.000000
603999.SH,2,2016-01-07 10:55:00,57.110000,57.110000,57.110000,57.110000,0.000000,0.000000,0.000000,0.000000
603999.SH,2,2016-01-07 11:00:00,57.110000,57.110000,57.110000,57.110000,0.000000,0.000000,0.000000,0.000000
603999.SH,2,2016-01-07 11:05:00,57.110000,57.110000,57.110000,57.110000,0.000000,0.000000,0.000000,0.000000
603999.SH,2,2016-01-07 11:10:00,57.110000,57.110000,57.110000,57.110000,0.000000,0.000000,0.000000,0.000000
603999.SH,2,2016-01-07 11:15:00,57.110000,57.110000,57.110000,57.110000,0.000000,0.000000,0.000000,0.000000
603999.SH,2,2016-01-07 11:20:00,57.110000,57.110000,57.110000,57.110000,0.000000,0.000000,0.000000,0.000000
603999.SH,2,2016-01-07 11:25:00,57.110000,57.110000,57.110000,57.110000,0.000000,0.000000,0.000000,0.000000
603999.SH,2,2016-01-07 11:30:00,57.110000,57.110000,57.110000,57.110000,0.000000,0.000000,0.000000,0.000000
603999.SH,2,2016-01-07 13:05:00,57.110000,57.110000,57.110000,57.110000,0.000000,0.000000,0.000000,0.000000
603999.SH,2,2016-01-07 13:10:00,57.110000,57.110000,57.110000,57.110000,0.000000,0.000000,0.000000,0.000000
603999.SH,2,2016-01-07 13:15:00,57.110000,57.110000,57.110000,57.110000,0.000000,0.000000,0.000000,0.000000
603999.SH,2,2016-01-07 13:20:00,57.110000,57.110000,57.110000,57.110000,0.000000,0.000000,0.000000,0.000000
603999.SH,2,2016-01-07 13:25:00,57.110000,57.110000,57.110000,57.110000,0.000000,0.000000,0.000000,0.000000
603999.SH,2,2016-01-07 13:30:00,57.110000,57.110000,57.110000,57.110000,0.000000,0.000000,0.000000,0.000000
603999.SH,2,2016-01-07 13:35:00,57.110000,57.110000,57.110000,57.110000,0.000000,0.000000,0.000000,0.000000
603999.SH,2,2016-01-07 13:40:00,57.110000,57.110000,57.110000,57.110000,0.000000,0.000000,0.000000,0.000000
603999.SH,2,2016-01-07 13:45:00,57.110000,57.110000,57.110000,57.110000,0.000000,0.000000,0.000000,0.000000
603999.SH,2,2016-01-07 13:50:00,57.110000,57.110000,57.110000,57.110000,0.000000,0.000000,0.000000,0.000000
603999.SH,2,2016-01-07 13:55:00,57.110000,57.110000,57.110000,57.110000,0.000000,0.000000,0.000000,0.000000
603999.SH,2,2016-01-07 14:00:00,57.110000,57.110000,57.110000,57.110000,0.000000,0.000000,0.000000,0.000000
603999.SH,2,2016-01-07 14:05:00,57.110000,57.110000,57.110000,57.110000,0.000000,0.000000,0.000000,0.000000
603999.SH,2,2016-01-07 14:10:00,57.110000,57.110000,57.110000,57.110000,0.000000,0.000000,0.000000,0.000000
603999.SH,2,2016-01-07 14:15:00,57.110000,57.110000,57.110000,57.110000,0.000000,0.000000,0.000000,0.000000
603999.SH,2,2016-01-07 14:20:00,57.110000,57.110000,57.110000,57.110000,0.000000,0.000000,0.000000,0.000000
603999.SH,2,2016-01-07 14:25:00,57.110000,57.110000,57.110000,57.110000,0.000000,0.000000,0.000000,0.000000
603999.SH,2,2016-01-07 14:30:00,57.110000,57.110000,57.110000,57.110000,0.000000,0.000000,0.000000,0.000000
603999.SH,2,2016-01-07 14:35:00,57.110000,57.110000,57.110000,57.110000,0.000000,0.000000,0.000000,0.000000
603999.SH,2,2016-01-07 14:40:00,57.110000,57.110000,57.110000,57.110000,0.000000,0.000000,0.000000,0.000000
603999.SH,2,2016-01-07 14:45:00,57.110000,57.110000,57.110000,57.110000,0.000000,0.000000,0.000000,0.000000
603999.SH,2,2016-01-07 14:50:00,57.110000,57.110000,57.110000,57.110000,0.000000,0.000000,0.000000,0.000000
603999.SH,2,2016-01-07 14:55:00,57.110000,57.110000,57.110000,57.110000,0.000000,0.000000,0.000000,0.000000
603999.SH,2,2016-01-07 15:00:00,57.110000,57.110000,57.110000,57.110000,0.000000,0.000000,0.000000,0.000000
603999.SH,4,2016-01-07 09:45:00,60.790000,65.090000,60.630000,60.630000,0.000000,0.000000,0.000000,0.000000
603999.SH,4,2016-01-07 10:00:00,60.630000,60.630000,57.110000,57.110000,0.000000,0.000000,0.000000,0.000000
603999.SH,4,2016-01-07 10:15:00,57.110000,57.110000,57.110000,57.110000,0.000000,0.000000,0.000000,0.000000
603999.SH,4,2016-01-07 10:30:00,57.110000,57.110000,57.110000,57.110000,0.000000,0.000000,0.000000,0.000000
603999.SH,4,2016-01-07 10:45:00,57.110000,57.110000,57.110000,57.110000,0.000000,0.000000,0.000000,0.000000
603999.SH,4,2016-01-07 11:00:00,57.110000,57.110000,57.110000,57.110000,0.000000,0.000000,0.000000,0.000000
603999.SH,4,2016-01-07 11:15:00,57.110000,57.110000,57.110000,57.110000,0.000000,0.000000,0.000000,0.000000
603999.SH,4,2016-01-07 11:30:00,57.110000,57.110000,57.110000,57.110000,0.000000,0.000000,0.000000,0.000000
603999.SH,4,2016-01-07 13:15:00,57.110000,57.110000,57.110000,57.110000,0.000000,0.000000,0.000000,0.000000
603999.SH,4,2016-01-07 13:30:00,57.110000,57.110000,57.110000,57.110000,0.000000,0.000000,0.000000,0.000000
603999.SH,4,2016-01-07 13:45:00,57.110000,57.110000,57.110000,57.110000,0.000000,0.000000,0.000000,0.000000
603999.SH,4,2016-01-07 14:00:00,57.110000,57.110000,57.110000,57.110000,0.000000,0.000000,0.000000,0.000000
603999.SH,4,2016-01-07 14:15:00,57.110000,57.110000,57.110000,57.110000,0.000000,0.000000,0.000000,0.000000
603999.SH,4,2016-01-07 14:30:00,57.110000,57.110000,57.110000,57.110000,0.000000,0.000000,0.000000,0.000000
603999.SH,4,2016-01-07 14:45:00,57.110000,57.110000,57.110000,57.110000,0.000000,0.000000,0.000000,0.000000
603999.SH,4,2016-01-07 15:00:00,57.110000,57.110000,57.110000,57.110000,0.000000,0.000000,0.000000,0.000000
603999.SH,5,2016-01-07 10:00:00,60.790000,65.090000,57.110000,57.110000,0.000000,0.000000,0.000000,0.000000
603999.SH,5,2016-01-07 10:30:00,57.110000,57.110000,57.110000,57.110000,0.000000,0.000000,0.000000,0.000000
603999.SH,5,2016-01-07 11:00:00,57.110000,57.110000,57.110000,57.110000,0.000000,0.000000,0.000000,0.000000
603999.SH,5,2016-01-07 11:30:00,57.110000,57.110000,57.110000,57.110000,0.000000,0.000000,0.000000,0.000000
603999.SH,5,2016-01-07 13:30:00,57.110000,57.110000,57.110000,57.110000,0.000000,0.000000,0.000000,0.000000
603999.SH,5,2016-01-07 14:00:00,57.110000,57.110000,57.110000,57.110000,0.000000,0.000000,0.000000,0.000000
603999.SH,5,2016-01-07 14:30:00,57.110000,57.110000,57.110000,57.110000,0.000000,0.000000,0.000000,0.000000
603999.SH,5,2016-01-07 15:00:00,57.110000,57.110000,57.110000,57.110000,0.000000,0.000000,0.000000,0.000000
603999.SH,6,2016-01-07 10:30:00,60.790000,65.090000,57.110000,57.110000,0.000000,0.000000,0.000000,0.000000
603999.SH,6,2016-01-07 11:30:00,57.110000,57.110000,57.110000,57.110000,0.000000,0.000000,0.000000,0.000000
603999.SH,6,2016-01-07 14:00:00,57.110000,57.110000,57.110000,57.110000,0.000000,0.000000,0.000000,0.000000
603999.SH,6,2016-01-07 15:00:00,57.110000,57.110000,57.110000,57.110000,0.000000,0.000000,0.000000,0.000000
